0.0 0.0 22.0 8.4852814 8.4852814 1.7049792
0.0 0.9995573 21.0014756 8.4023625 8.5707046 1.9395593
0.009912 1.9989352 20.0055602 8.297241 8.6853654 -1.7159753
0.0311008 2.9982622 19.0029335 8.3481754 8.6265785 -1.5418958
0.0423145 3.9978372 18.0022083 8.4065578 8.5644028 5.0273094
0.0445545 4.9939877 17.0144331 41.0911 8.8304474 3.9543202
0.0759373 5.9911133 16.0326494 23.9806788 9.1015137 20.4429817
0.1269348 6.9267447 15.2967255 36.5552922 10.6305601 25.1493764
0.2810976 7.8187235 14.9068221 33.3692717 13.8114695 17.2015888
0.5754931 8.7274987 14.4846576 31.6018834 14.2546497 13.9501503
0.9641414 9.6167873 14.0531408 30.3277995 12.9341997 19.6175108
1.4094964 10.4468101 14.0426317 29.0641714 11.7445952 25.5175319
1.9224899 11.189279 14.7572493 28.0964212 10.8180024 27.7724788
2.524769 11.8374606 16.4454511 15.4437757 10.2352407 25.2942854
3.2356048 12.3961688 30.8982803 9.2453526 9.9436016 -0.491589
4.1017828 12.8958308 29.9478465 11.2936527 9.4190722 3.550169
4.9649005 13.3970227 28.6129172 12.2943171 8.9514665 8.9735339
5.8291494 13.8752953 26.8878887 11.8909373 8.5939051 13.2764104
6.704073 14.3016402 25.0535749 10.8267127 8.3889252 13.076959
7.6098038 14.660051 23.4465312 10.0130644 8.2927719 10.7524863
8.5479842 14.9516165 22.0800872 9.5307746 8.2490658 8.9561707
9.5076936 15.1855439 20.8565697 9.2076215 8.2466066 7.8595411
10.4809988 15.3698746 19.7162547 8.9459162 8.2896771 6.7668579
11.4640977 15.5099914 18.6332912 8.7292486 8.3675996 5.1070204
12.454922 15.6116933 17.5914293 8.5812743 8.4440996 2.8214319
13.4510781 15.6841506 16.5750912 8.5312827 24.8381049 -11.7366249
14.4286253 15.7391472 15.6919707 9.3444696 25.3532853 -15.7271065
15.3837914 15.8582539 14.9591308 10.8413749 27.0489806 -22.257616
16.2880657 16.055282 14.5503535 14.0886192 31.9030924 -15.9743214
17.194054 16.3769131 14.1079026 13.6444674 35.8246952 -9.6740359
18.0888604 16.7905351 13.4926647 12.4540735 34.7232198 -12.967402
18.9491338 17.2483296 13.0752454 11.327595 33.5718169 -16.8149269
19.7581723 17.7599673 12.9693151 10.3222581 32.4932179 -19.5160192
20.5024996 18.3382179 13.2559958 9.498344 31.6645946 -19.8340466
21.1764665 18.9944543 13.9398671 8.8678474 31.1612631 -18.0222487
21.7783818 19.7306459 14.9550206 8.3945418 18.7115742 -23.5842845
22.2822184 20.4961983 17.8058214 8.1780321 12.9472962 -14.7519673
22.7013725 21.3676746 20.5371559 8.0007523 11.4765516 -8.046305
23.0532603 22.293192 22.3089874 7.7866395 11.1855364 -6.3088201
23.362762 23.2377201 24.0157239 7.5855079 11.0768295 -5.6705929
23.6377801 24.1940683 26.0142141 7.4102634 10.9962853 -5.6753435
23.8811483 25.1589478 25.4214936 7.2739425 10.8764793 -5.2316064
24.0927346 26.1320444 24.2764384 7.1657223 10.7638005 -4.3825063
24.2748736 27.1123434 23.1771938 7.0707383 10.6923955 -3.3695593
24.4321722 28.0981439 22.1140347 6.9768798 10.673949 -2.4424708
24.5702401 29.0876494 21.0752961 6.8783462 10.7028013 -1.8869272
24.6942832 30.0793798 20.0495217 6.7794835 10.7537364 -1.8809381
24.8074343 31.0724153 19.0274787 6.6935546 10.7877647 -2.4027827
24.9096791 32.0662907 18.0042323 6.6378594 10.7658886 -3.2574657
24.9979596 33.0607643 16.9803433 6.6290147 10.6640092 -4.1906063
25.0673145 34.0556763 15.9606512 6.6806023 10.4792951 -5.0003147
25.1123632 35.0508514 14.9511052 6.8029952 10.225159 -5.5895833
25.1284641 36.0459663 13.9558864 7.0044513 9.9208392 -5.9574114
