22.0 8.4852814 8.4852814 2.4129569
21.002955 8.3686609 8.6069173 1.947971
20.0079992 8.2586428 8.7293223 1.4166956
19.0129258 8.1600186 8.8430964 0.8025125
18.016048 8.078849 8.9370147 0.102773
17.0164422 40.7174326 8.9991375 22.0058323
16.2960677 36.7136305 10.5606796 20.8173346
15.7820652 6.5042457 13.0795314 -13.1467676
14.5299328 35.1459996 12.0202801 20.191882
14.0232784 32.6777752 14.8675611 16.0207649
13.5352859 31.0430835 13.2941913 19.0632277
13.306438 29.558551 11.9314548 21.0918936
13.397791 28.3682639 10.8249205 21.7314167
13.8581684 27.5309416 9.9750462 21.0107858
14.728423 26.5374421 9.3500726 18.8342963
15.986884 15.8356795 8.8987852 7.3791664
29.3875756 15.3547433 8.4313091 14.1883236
27.198334 13.1926491 8.1209906 11.3856508
25.4615777 12.2086795 7.8653857 9.6405768
23.9704656 11.6414623 7.655825 8.7545012
22.618954 11.2212251 7.4959143 8.2404347
21.3617011 10.8598279 7.3889733 7.8231641
20.1766197 10.529806 7.3360585 7.3388503
19.0499067 10.2264564 7.3347582 6.6904663
17.9698855 9.9535204 7.3781491 5.833209
16.9249176 9.7171576 25.7441087 -12.3077803
16.0687298 10.7259826 26.4917841 -12.1193804
15.28055 12.1137285 27.5109617 -12.163604
14.5582732 14.0518619 28.9682584 -12.8863668
13.9213498 14.3513798 31.3418315 -17.839031
13.5549684 12.8369266 37.83367 -26.8966353
13.8519814 11.5341008 47.9576872 -14.5698255
13.7370163 10.607623 46.8621165 -16.5092637
13.9386626 9.8257758 46.0521097 -17.805615
14.5551342 9.2054473 27.101402 -15.713372
15.3703967 8.7152788 17.7569938 -14.2755287
16.4810841 8.3295965 14.5452913 -12.3247989
17.8306251 8.0189161 13.0533814 -10.0345172
19.2799744 7.7530615 12.3242935 -8.7032342
20.9817148 7.5289321 11.8725864 -8.0599721
23.2069561 7.3508887 11.5139573 -7.8464993
26.407222 7.2261178 11.1729268 -7.306093
30.9033283 7.1468367 10.8735546 -4.0298301
33.9876485 7.0288753 10.8419313 -0.8723905
33.9955065 6.8467663 11.0550349 -1.6824491
35.0640786 6.6926144 11.1840158 -1.0157894
34.7500604 6.5300624 11.3537118 -2.0441015
33.6929995 6.4024654 11.4201819 -3.7923274
32.6040344 6.3389576 11.3191892 -5.1654713
31.5131196 6.3471128 11.0883641 -6.0198318
30.4466514 6.4302472 10.7788819 -6.2847218
29.4185928 6.5851202 10.4388048 -5.9868466
28.4279408 6.8007306 10.1032526 -5.2344743
27.4626258 7.0587037 9.7929991 -4.1784807
26.506443 7.3355259 9.5179534 -2.9754666
25.5452864 7.6064411 9.2815115 -1.7627267
24.5706342 7.8499507 9.0838011 -0.6449842
23.5800619 8.0512986 8.9235177 0.307802
22.5757564 8.2038626 8.798659 1.0537868
21.5623265 8.3085664 8.7065189 1.5694154
20.5448489 8.3721825 31.9471904 -14.939673
19.8060107 9.5249213 33.5910476 -17.2641327
19.2856043 11.5059704 31.3756674 -14.5210932
18.8281342 14.2198303 29.7858011 -10.5954584
18.3006302 17.441897 28.66246 -6.4997376
17.616793 16.6852822 27.8466942 -6.1237334
16.9300978 15.565533 27.0726279 -6.2869455
16.2665149 14.502394 26.3099903 -6.6896152
15.6411746 13.490451 25.5513573 -7.3582882
15.0748245 12.5289396 24.7941801 -8.2913511
14.5943315 11.6219696 24.04229 -9.4524536
14.2338404 10.7781556 23.3067496 -10.765763
14.0370025 10.0095148 22.6054291 -12.1189867
14.0612966 9.3296834 21.9607787 -13.3769617
14.3865814 8.7518697 21.3959067 -14.4018544
15.132041 8.2871528 20.9297915 -15.0750514
16.4906914 7.9435437 20.572698 -15.3370455
18.8100243 7.7262329 20.3237355 -15.3051292
18.6884686 7.6414735 17.6747505 -15.6988583
17.31258 7.71771 15.6679464 -14.4853401
16.1139572 7.9335991 14.2557558 -12.7478387
15.0385124 8.2711802 13.2352892 -11.0962384
14.0383347 8.7223853 12.4504574 -9.5979782
13.0806801 9.2799214 11.8113606 -8.158667
12.1428164 9.9283785 11.2699355 -6.6695495
11.2077146 10.636569 10.8014282 -5.064809
10.2625829 11.3537712 10.3936928 -3.3635115
9.2996051 10.9177452 10.0406566 -4.5933076
8.3514074 9.582038 9.634827 -7.9047217
7.448153 8.2196243 9.1197995 -10.6308207
6.5918917 6.9098196 8.5363267 -12.4857611
