0.0 0.0 22.0 8.4852814 8.4852814 3.8298002
-0.0 0.9977669 21.0074405 8.3024904 8.6807028 -1.3131336
0.0222584 1.9972564 20.0048836 8.3328131 8.6441192 -2.1260656
0.0368751 2.9964611 19.0035874 8.4141311 8.5567976 0.1451926
0.0391359 3.9964554 18.0036314 8.4038773 8.5672747 4.7653115
0.0422306 4.9929939 17.0150763 41.119873 8.8208316 19.780942
0.0712091 5.933541 16.2341334 37.3563579 10.1451115 19.676439
0.2061925 6.8654247 15.6457396 34.5125742 12.2959278 16.8239732
0.4488661 7.7913504 15.1420512 32.5473605 15.3876135 8.1468624
0.7910454 8.7202375 14.4191458 31.5184434 14.3297645 14.5540503
1.1681502 9.6116654 13.9963893 30.1922397 12.9728606 20.6163452
1.6037299 10.4400915 14.0227202 28.8821728 11.7577158 23.1999462
2.124008 11.1977994 14.5405603 27.913717 10.8168194 22.1820166
2.7438661 11.8857179 15.4948667 25.4411919 10.1421804 17.0950075
3.4679684 12.509629 16.4941483 14.6351011 9.63306 20.4687892
4.2342169 13.0486793 29.2998966 10.6914849 9.3390516 8.2729649
5.1044472 13.5198427 27.6247269 10.6405933 8.9860442 8.5272972
5.9956901 13.948444 26.04846 10.4723871 8.6931121 8.2359846
6.907711 14.3327578 24.5920022 10.2957456 8.4521087 7.6716337
7.8383225 14.6735528 23.2451841 10.1427114 8.2550152 7.1525406
8.7842913 14.9729521 21.9831382 10.0015601 8.0991684 6.8818122
9.7424283 15.2329832 20.7816611 9.8461633 7.9886925 6.8914007
10.710167 15.4545339 19.6248929 9.655262 7.9325544 7.0471508
11.6856683 15.6371409 18.5062575 9.4234988 7.9402092 7.088986
12.6677324 15.7796888 17.4246078 9.1645233 8.0152442 6.6948594
13.6556502 15.8818019 16.3780124 8.9072228 24.7513887 -11.3295438
14.6341484 15.944635 15.4959189 9.7493441 25.2003655 -13.0930663
15.5999764 16.0705674 14.708728 11.0745154 26.2699137 -15.1257428
16.5450711 16.2673086 14.0510408 13.2408428 28.4260131 -13.525704
17.4760881 16.5474993 13.4348787 13.6857722 31.0600001 -15.4233091
18.3747112 16.8964234 12.9683385 12.2727166 34.9471588 -25.1808751
19.1859583 17.2974811 13.1155371 10.9996337 33.2637641 -24.8021422
19.9344274 17.8111205 13.6519037 10.0751778 32.2195962 -23.0026524
20.6131039 18.4329679 14.5980822 9.4225001 30.0874945 -19.3782539
21.2196984 19.1554288 15.8382266 8.9548885 16.3851959 -14.6422839
21.7560679 19.9606668 17.0938517 8.5833216 13.4906537 -12.8098134
22.2263395 20.8148839 18.6771033 8.2940619 12.1223067 -10.3160584
22.6358247 21.7094525 20.3883846 8.0502718 11.4757472 -8.645318
22.9929154 22.6313478 22.314292 7.843312 11.1127736 -8.2097578
23.3037151 23.5710352 24.942359 7.6881777 10.7950438 -9.1713664
23.5687534 24.5220085 26.0993901 7.6231075 10.3722218 -8.8969121
23.783056 25.4864542 24.859708 7.6295401 9.9764724 -6.0317616
23.9484343 26.4670705 23.7395782 7.6211595 9.7859397 -4.3806227
24.0797078 27.4554698 22.6731795 7.6065589 9.6829894 -3.3841201
24.1858988 28.4480618 21.6335715 7.5921034 9.6193529 -2.8155373
24.272585 29.4430858 20.6081446 7.5842017 9.5688561 -2.5524149
24.3429826 30.4396102 19.5907513 7.5896139 9.5145858 -2.5010847
24.3985818 31.4371093 18.5786064 7.614897 9.4453713 -2.5684184
24.4396633 32.4352596 17.570769 7.6653519 9.3553167 -2.6539509
24.4658287 33.4338443 16.5671149 7.7436191 9.2440737 -2.6549394
24.4765781 34.4327131 15.5674574 7.8481103 9.1167017 -2.481625
24.4719029 35.4317643 14.5708971 7.9717213 8.9826179 -2.0786185
24.4528035 36.4309238 13.5756848 8.101624 8.853728 -1.4450255
