22.0 8.4852814 8.4852814 2.1633712
21.0023755 8.3804932 8.5941013 1.8790002
20.0068599 8.2752246 8.7102615 1.622833
19.012329 8.1695307 8.832092 1.2436317
18.017333 8.0699639 8.9496856 0.6964812
17.0203196 40.519635 9.0487391 4.8546857
16.0503384 39.4569067 9.407727 12.3157361
15.1901821 37.1722429 10.3971042 24.1409622
14.7048197 33.8743163 13.1337768 20.6400911
14.3540922 31.7366653 14.2895701 12.8845272
13.8505914 30.4885596 12.9620351 19.4205257
13.7726033 29.1712533 11.7311125 24.8951435
14.335638 28.1318068 10.7561239 27.3131765
15.7664471 20.8790458 10.1139627 15.0497075
16.5929991 14.284966 9.6077039 15.756353
29.83473 11.6083511 9.2398653 9.2016534
28.0404698 11.2767889 8.8784283 12.30349
26.2023327 10.4573175 8.6464616 10.6791927
24.6390618 9.9712349 8.4746595 8.1201254
23.299983 9.7712118 8.319419 6.8386289
22.0704712 9.6559755 8.1891378 6.3098088
20.9011217 9.5448885 8.0947014 5.9621019
19.7753905 9.423318 8.0386702 5.4962829
18.6863308 9.301277 8.0156343 4.818322
17.6275626 9.193363 8.0146646 3.9529868
16.5917028 9.1112597 25.7444691 -11.5660129
15.7403758 10.0724214 26.389814 -12.6041689
14.9745864 11.5064197 27.5768178 -15.3230841
14.3594874 13.9433363 30.1837727 -19.0080009
13.9938466 13.6240971 35.6945752 -18.3502009
13.7750132 12.2821236 34.1155558 -22.307776
14.0006506 11.1780056 32.8124264 -24.1885886
14.7845183 10.3640928 31.9864311 -23.2996521
16.177323 9.8171137 16.2414273 -16.4097278
17.4865657 9.4023127 12.2595174 -7.985237
17.8639161 8.9790903 12.1472662 -8.5389167
18.5640795 8.6158909 11.8521396 -8.2384133
19.5037031 8.3023117 11.5909404 -8.0354454
20.7851789 8.0386187 11.3352397 -7.9808203
22.5975023 7.8281429 11.0624202 -7.7893233
25.1321407 7.669493 10.7906121 -5.4569401
24.9210651 7.5047062 10.7319504 -6.1017053
23.7386469 7.396115 10.5729685 -7.1166368
22.5752934 7.3655291 10.2982539 -6.6318118
21.4644922 7.3808777 10.0407823 -5.3745953
20.4010222 7.4122535 9.8484495 -4.0258013
19.36774 7.4423585 9.7188727 -2.96557
18.3505965 7.4673489 9.6318006 -2.3149982
17.3413748 7.49242 9.5643494 -2.0463624
16.3361246 7.526861 9.4966202 -2.0762496
15.3333962 7.5810667 9.4131871 -2.3271044
14.3331598 7.6659343 9.3025177 -2.7520138
13.3362984 7.7938291 9.1557069 -3.3274793
